56	47	29	95	88	12	65
71	46	02	63	15	38	24
**	55	76	98	39	40	62
90	26	83	28	53	18	49
87	51	22	30	96	47	12
42	68	34	27	80	65	93
50	75	21	48	43	90	14
23	91	35	79	66	84	03
41	06	59	37	82	00	09
36	79	11	80	26	47	59
91	66	24	07	58	23	92
73	62	94	19	35	81	63
83	70	28	93	42	39	**
78	13	56	20	85	77	98
97	65	71	43	88	52	15
21	90	32	53	74	16	82
82	61	40	75	75	29	95
48	92	10	38	51	63	70
25	74	21	60	72	89	62
57	15	02	86	45	91	73
24	41	96	22	71	52	58
35	79	84	67	20	41	22
09	66	95	83	58	78	31
52	76	80	92	50	42	18
43	21	53	36	81	97	75
28	34	80	**	38	58	26
61	95	57	62	79	32	51
17	43	82	98	24	05	63
73	56	34	02	46	87	21
66	12	85	97	44	74	39
03	99	24	68	41	82	56
78	35	**	10	26	91	47
63	84	57	34	72	16	91
**	**	**	67	71	46	52
14	85	06	21	32	90	87
97	27	47	08	52	84	72
69	13	95	22	34	09	40
54	82	70	98	61	25	12
35	24	39	05	64	79	15
62	22	45	18	36	52	78
81	97	11	74	02	44	93
23	45	68	53	87	55	89
77	02	31	91	24	68	47
18	55	48	10	27	53	83
93	62	57	33	41	76	07
86	05	28	56	10	15	35
29	46	71	69	66	87	09
55	30	16	25	18	43	36
11	97	87	34	44	57	50
12	68	21	39	80	88	26
57	49	06	77	21	91	78
89	30	25	02	01	08	93
64	68	27	45	54	19	75
10	95	69	81	30	82	31
31	**	02	25	88	57	80
47	77	13	70	63	64	97
05	28	99	97	82	90	18
31	08	56	93	50	93	25
37	45	21	05	84	90	49
15	62	09	47	61	06	28
06	31	**	71	39	08	79
87	16	62	22	89	48	66
88	45	74	07	19	00	10
97	80	88	65	45	56	89
25	29	01	42	39	14	70
22	86	99	54	55	29	87
69	15	75	81	41	96	83
21	22	96	08	28	63	24
95	17	70	22	52	49	96
07	59	90	45	93	80	48
15	64	83	08	38	17	26
78	69	89	90	02	97	10
11	41	42	82	59	15	84
37	21	40	11	63	20	32
92	88	87	75	29	74	99
59	39	13	18	08	69	76
22	58	15	53	47	44	06
86	18	67	63	**	27	81
37	44	89	39	31	40	52
69	15	25	61	24	22	84
02	92	49	71	61	30	37
10	60	85	73	51	56	91
32	39	78	13	**	99	89
50	19	61	85	10	46	95
76	71	06	36	35	01	53
13	39	90	86	40	98	92
**	11	17	36	78	34	76
43	22	80	75	72	43	92
55	62	14	42	91	10	92
29	11	19	45	71	31	05
83	59	12	10	90	92	20
53	42	35	43	10	66	43
73	77	22	92	23	42	73
20	08	22	58	13	15	55
82	68	91	56	54	36	84
74	01	97	91	58	08	60
20	21	85	77	82	11	74
64	87	07	51	94	97	96
27	14	60	68	80	16	98
93	49	43	84	59	37	58
68	29	01	01	52	20	49
12	15	84	82	69	85	58
55	98	46	88	29	09	24
52	30	60	70	75	34	22
14	91	98	84	20	82	39
52	00	57	96	06	81	30
21	96	27	**	56	75	74
14	84	10	08	38	98	60
45	56	04	40	46	51	08
65	47	81	88	14	56	51
00	06	28	50	24	33	30
45	62	71	21	71	04	17
21	57	90	59	27	06	30
28	44	23	57	64	77	36
06	20	93	91	12	20	90
78	38	89	58	44	18	47
41	34	31	21	90	32	78
03	08	99	26	42	86	35
46	04	92	**	29	84	66
96	23	35	04	10	18	59
89	99	16	68	30	07	55
37	77	78	19	94	84	31
89	46	72	22	90	79	93
20	31	82	10	15	50	79
72	11	48	78	94	90	34
06	84	91	04	88	51	77
80	72	40	44	20	11	12
60	99	37	79	23	73	90
03	75	06	65	30	95	25
13	40	82	52	50	94	**
17	65	20	61	31	20	95
41	37	43	59	98	54	20
99	31	87	17	11	78	81
29	55	84	39	35	89	43
65	58	57	29	32	39	60
79	36	17	52	17	54	15
70	42	99	20	**	47	38
60	88	69	26	55	40	81
45	24	17	78	97	22	97
09	03	37	41	91	85	53
88	19	81	98	22	95	49
65	12	58	46	47	82	12
96	69	04	30	86	31	52
40	10	12	64	31	19	89
24	47	**	84	59	50	78
49	10	81	33	99	84	10
73	40	68	52	07	67	51
99	17	97	63	50	93	07
51	33	09	11	92	30	19
17	02	47	09	30	21	48
08	42	11	42	97	92	81
70	32	05	94	37	54	85
93	48	62	04	28	88	55
45	51	23	71	47	56	37
38	87	85	03	46	19	90
09	90	65	74	26	25	17
21	54	92	79	69	56	14
26	43	03	07	34	82	46
41	73	20	60	**	61	87
80	85	74	54	31	58	10
66	51	70	67	01	57	27
02	19	19	30	72	98	51
27	82	17	84	39	10	36
09	55	23	89	64	55	76
16	08	12	29	21	45	04
36	12	64	08	66	15	06
19	26	03	78	79	21	46
49	73	98	55	42	94	**
02	40	28	04	59	45	92
93	68	10	41	**	82	23
64	87	92	82	65	99	61
00	58	96	09	68	10	59
95	97	48	82	72	65	19
45	23	22	40	64	15	61
58	57	19	60	42	04	98
77	25	33	79	57	99	31
85	84	95	26	50	38	05
99	09	31	13	68	59	53
48	11	30	01	15	56	71
30	76	20	12	68	77	13
88	61	30	74	38	53	64
28	31	23	25	70	58	78
**	96	43	77	94	63	96
67	91	89	84	68	91	10
88	60	90	61	17	79	09
15	50	89	18	55	09	49
17	24	47	54	21	50	05
59	07	**	72	18	28	32
95	20	15	32	93	10	84
18	92	33	02	90	27	78
35	08	84	15	35	24	32
45	16	14	08	39	85	49
22	30	89	21	95	13	60
79	64	91	87	35	58	92
01	95	75	64	29	80	30
52	62	04	67	54	03	24
81	02	64	82	22	87	00
68	99	78	64	91	19	73
18	76	14	99	73	61	21
19	92	74	16	79	69	76
42	53	36	58	13	13	74
50	90	33	98	55	98	86
18	96	57	25	12	14	20
42	55	16	90	40	89	12
64	20	66	28	98	55	94
29	56	85	61	90	30	82
03	96	94	43	73	87	97
28	58	85	47	90	06	46
39	77	92	26	71	83	97
52	87	33	71	53	16	79
19	25	50	69	26	**	32
81	34	93	18	58	67	13
66	57	87	69	56	78	52
70	92	07	30	03	63	22
32	89	62	04	27	12	06
04	14	10	47	30	41	73
59	87	26	51	93	96	81
20	30	17	08
