69	71	84	57	12	**	74
23	10	25	97	51	08	59
80	35	52	17	95	11	33
14	49	22	54	65	24	10
05	92	49	08	66	24	59
69	68	00	52	03	71	74
55	27	63	72	07	38	35
50	09	82	16	51	46	89
**	**	**	**	**	**	**
**	**	76	74	88	29	04
12	78	79	90	02	96	27
21	89	38	48	13	49	69
43	36	40	28	76	15	80
19	02	42	40	41	53	84
64	78	13	15	89	37	28
79	14	41	13	51	20	56
44	91	37	18	00	68	06
70	35	19	84	70	67	07
09	43	76	15	18	36	23
07	79	70	83	27	32	81
64	76	49	20	82	21	**
27	38	31	59	05	37	42
12	04	49	28	**	41	80
15	18	92	34	47	70	72
04	43	43	63	37	02	30
59	64	88	76	19	26	41
79	37	80	47	72	00	43
57	65	94	41	**	55	78
94	76	07	79	31	85	01
82	56	71	55	11	06	88
88	63	65	96	06	39	21
06	03	57	44	75	52	70
11	68	05	69	54	36	38
23	75	27	80	86	55	38
42	17	15	66	41	65	78
73	59	97	84	33	16	11
18	45	38	79	73	79	90
89	92	68	42	47	53	47
35	86	91	51	55	18	15
64	49	73	61	64	93	59
49	90	39	58	66	17	01
21	62	77	23	24	20	13
18	07	45	20	76	**	**
90	63	21	16	55	48	48
52	67	16	59	81	93	41
98	10	99	55	01	01	13
55	26	89	52	65	20	38
13	36	13	51	29	19	57
76	54	14	57	07	65	97
68	15	06	69	28	03	47
27	78	21	78	85	57	53
84	30	**	21	21	46	40
78	96	33	15	11	63	**
91	82	23	77	01	48	86
83	77	72	75	83	49	28
38	31	15	**	61	81	82
64	57	43	64	25	31	**
17	89	14	43	53	25	73
42	13	08	08	07	41	97
15	78	09	40	66	83	32
84	32	76	08	41	93	61
06	75	94	19	92	83	21
67	60	28	22	00	01	**
**	**	**	**	**	**	**
17	61	09	61	70	04	98
88	89	43	34	72	37	10
02	04	06	27	14	60	51
68	63	37	35	95	65	88
57	69	55	11	93	20	34
11	99	01	58	45	74	94
80	69	17	10	35	74	21
40	56	43	20	42	98	98
74	67	99	28	39	92	66
**	94	16	57	28	63	56
15	98	15	13	81	**	**
46	43	51	40	22	04	03
35	73	62	16	22	86	55
91	16	56	62	97	55	64
29	97	68	01	19	60	93
41	51	42	84	34	58	67
40	23	58	12	12	85	13
30	02	27	26	83	16	45
61	12	56	**	44	96	97
66	44	50	21	91	83	92
08	05	85	17	59	12	04
74	87	85	93	15	53	23
08	06	60	99	52	60	88
28	69	12	42	23	06	61
50	20	44	49	91	79	82
72	93	09	24	75	77	51
55	68	20	17	45	19	98
51	15	46	28	88	94	68
09	17	50	85	10	34	56
88	41	95	10	38	27	94
60	49	70	24	10	23	26
88	05	21	30	53	54	08
16	25	64	76	16	96	79
42	37	79	66	74	73	31
44	26	17	82	72	75	78
40	33	19	65	25	58	71
07	**	38	32	19	50	04
62	38	60	06	83	88	91
39	75	04	71	08	37	89
20	39	58	**	35	32	09
63	11	32	40	29	27	96
61	16	85	01	23	80	50
32	**	03	50	18	93	61
22	19	86	23	34	06	46
73	36	12	12	67	99	87
77	66	68	94	30	44	66
14	43	38	07	45	99	93
77	97	29	97	62	10	06
37	95	73	36	74	68	97
46	45	45	81	**	**	**
**	**	**	**	**	**	**
21	99	77	04	07	27	82
17	62	48	10	15	30	24
08	66	13	34	07	68	58
04	33	01	07	80	18	78
27	24	16	33	69	09	76
97	44	40	83	42	31	32
15	69	01	44	95	16	27
61	15	76	44	39	53	89
19	27	56	60	32	23	85
21	93	86	57	70	41	59
95	90	39	15	05	36	67
47	08	73	67	91	63	**
94	88	31	77	68	62	19
83	22	03	97	49	35	03
09	47	54	25	25	21	05
87	16	91	93	44	18	99
12	82	44	70	48	25	78
76	98	19	59	09	45	80
11	**	19	78	75	43	91
21	66	81	18	82	57	**
**	**	**	**	**	**	**
**	20	36	47	50	90	**
73	99	86	11	13	05	48
94	08	57	54	56	32	92
40	06	25	69	72	88	38
44	90	67	03	79	93	70
86	83	84	04	08	76	28
77	39	83	08	25	05	96
40	37	59	72	46	89	68
56	32	60	56	51	05	24
20	43	73	87	83	56	61
68	09	71	28	28	51	96
29	29	97	79	32	30	26
80	54	53	61	31	**	**
56	89	77	70	61	48	**
06	86	92	00	35	78	52
25	64	97	00	17	48	49
01	44	26	82	91	86	93
70	02	10	69	81	96	56
02	33	49	07	94	07	40
08	86	41	39	14	06	33
26	20	88	16	36	20	27
81	66	35	09	84	77	36
88	71	15	16	40	32	95
41	51	73	89	96	28	17
73	40	19	74	22	01	91
**	**	**	**	**	**	**
**	**	**	27	45	05	30
74	45	32	36	27	37	78
72	57	19	85	52	04	60
04	33	14	71	15	28	24
01	77	59	43	34	30	34
84	24	51	47	09	53	09
19	83	86	86	41	14	05
86	60	17	31	51	57	48
23	85	85	22	67	78	41
58	04	18	29	05	85	55
76	**	34	65	32	37	21
55	95	47	66	62	40	79
97	21	66	54	52	77	75
65	25	70	84	37	60	60
28	86	02	88	59	21	38
89	08	44	94	40	48	33
95	13	56	48	61	34	17
44	13	61	78	60	42	01
78	53	54	77	09	36	**
**	21	92	55	49	95	97
19	82	74	51	07	27	27
95	77	13	42	26	60	36
46	49	38	12	20	37	92
65	40	05	53	81	02	75
47	34	67	60	26	22	83
14	82	30	78	25	89	21
79	14	38	67	21	65	41
43	14	46	41	80	94	79
19	51	45	25	22	76	45
99	86	13	99	47	40	81
11	81	22	84	48	94	55
06	23	10	61	09	64	61
55	99	72	39	36	25	25
07	56	76	01	39	32	90
16	92	89	44	71	71	57
37	05	18	81	97	36	54
75	52	33	70	64	00	18
20	14	82	62	82	68	80
07	18	78	86	92	24	**
81	56	89	94	48	10	**
17	55	62	17	29	23	80
99	66	82	27	12	47	31
32	21	74	78	53	**	**
51	04	72	89	96	40	**
94	43	00	61	55	75	01
48	86	40	34	58	39	23
60	63	96	35	26	00	92
63	29	95	38	68	12	94
77	23	71	99	57	98	70
62	60	59	41	65	83	**
**	**	**	**	**	**	**
**	43	07	09	62	91	62
12	61	33	00	98	57	93
35	62	03	31	03	41	54
98	19	01	16	26	49	41
42	88	06	48	73	66	64
89	65	00	04	75	67	61
38	83	41	87	96	27	25
61	26	30	23	16	72	44
60	65	97	00	59	87	82
08	19	70	34	11	19	40
85	31	18	**	60	44	89
42	79	**	36	45	01	93
30	78	84	87	76	**	**
65	48	91	40	17	92	**
73	28	54	31	38	39	**
70	72	80	56	05	50	**
47	94	86	30	19	31	**
49	67	17	91	13	64	**
41	41	15	08	**	45	**
91	54	79	98	62	59	**
88	72	17	31	36	46	**
65	30	44	45	08	04	**
57	09	74	70	65	16	**
65	97	05	82	11	43	**
55	81	29	16	87	41	**
08	09	77	60	21	19	**
11	45	**	50	98	95	**
55	74	08	64	79	07	**
81	16	60	46	72	57	**
05	46	91	66	68	21	**
28	00	94	88	42	64	**
57	85	80	08	19	47	**
72	72	63	98	15	84	**
86	88	60	09	25	70	**
51	92	24	53	01	29	**
95	62	26	92	07	62	**
43	10	53	87	02	88	**
43	09	28	67	89	93	**
08	63	91	28	20	55	**
13	61	55	18	99	91	**
**	83	74	79	78	56	**
38	84	73	71	14	21	**
47	36	**	38	21	95	**
66	90	94	88	50	15	**
25	72	59	19	93	09	**
15	00	57	50	57	36	**
63	06	97	38	17	86	**
59	78	73	88	63	62	**
38	29	33	57	66	11	**
63	73	48	98	39	02	**
**	**	**	**	**	**	**
64	52	74	05	48	00	**
08	67	31	15	84	52	**
95	07	13	82	18	02	**
97	11	74	11	56	85	**
27	55	79	16	62	65	**
32	78	53	29	75	15	**
09	11	93	48	19	66	**
37	96	80	78	85	62	**
81	60	95	01	95	44	**
30	33	25	56	16	31	**
98	90	53	66	08	29	**
91	25	28	60	55	43	**
41	91	33	**	96	66	**
58	89	83	07	13	48	**
98	82	94	45	44	56	**
73	91	68	01	71	87	**
46	11	72	27	26	42	**
98	06	24	83	57	87	**
84	50	**	46	53	97	**
20	80	09	65	48	10	**
04	14	19	20	67	58	**
22	05	88	32	09	00	**
58	72	73	09	37	64	**
77	26	36	33	15	37	**
72	34	45	73	02	03	**
60	88	47	55	14	72	**
73	26	40	04	25	06	**
78	02	26	73	61	84	**
55	64	13	23	67	05	**
83	77	44	46	59	69	**
41	87	79	77	11	84	**
83	30	50	52	09	62	**
56	28	61	04	29	75	**
06	97	23	13	93	50	**
10	63	68	04	54	57	**
55	47	08	09	86	14	**
21	20	78	24	24	03	**
96	19	77	53	42	88	**
90	52	11	37	20	81	**
24	42	59	40	28	84	**
25	77	10	10	87	32	**
86	**	28	48	25	84	**
**	44	79	35	59	11	**
35	82	87	54	31	31	**
76	40	13	62	32	97	**
59	43	11	84	05	78	**
57	64	16	80	81	84	**
46	16	08	11	85	60	**
80	85	53	84	40	94	**
16	92	45	03	06	87	**
03	02	18	13	79	00	**
56	27	01	36	77	98	**
44	01	02	78	71	67	**
47	38	26	00	**	**	**
**	**	**	**	**	**	**
78	27	71	50	59	43	**
21	44	59	03	03	34	**
68	35	11	99	67	69	**
33	81	72	02	99	54	**
50	09	05	41	84	18	**
37	92	46	22	65	27	**
13	36	35	59	17	04	**
35	06	47	61	23	40	**
83	76	00	56	11	44	**
17	85	08	03	**	33	**
14	32	44	86	37	13	**
97	73	16	79	05	08	**
07	54	68	67	42	46	**
80	71	34	94	16	65	**
65	10	43	24	84	03	**
94	59	72	71	80	30	**
96	50	89	79	71	74	**
80	61	40	12	07	59	**
**	71	74	37	33	49	**
24	34	53	12	29	17	**
15	38	19	27	95	70	**
40	77	96	24	77	55	**
70	30	28	12	13	69	**
30	85	89	12	64	63	**
30	91	25	14	72	04	**
95	64	87	17	77	17	**
99	59	68	84	31	14	**
30	35	02	22	60	73	**
18	00	07	61	77	76	**
14	89	77	20	26	91	**
71	22	73	90	38	73	**
69	10	78	45	49	31	**
71	31	63	78	49	82	**
91	24	30	53	36	12	**
20	92	62	95	52	56	**
06	43	05	92	34	84	**
50	52	32	00	45	16	**
25	93	39	03	02	09	**
86	33	67	**	34	82	**
83	56	51	81	82	79	**
55	21	08	35	69	31	**
27	51	86	11	02	**	**
05	72	98	02	91	86	**
88	80	75	00	19	61	**
82	05	71	89	09	35	**
21	27	41	53	58	56	**
86	39	48	10	57	37	**
05	31	13	19	52	13	**
65	04	15	77	38	41	**
**	**	**	**	**	**	**
**	**	51	30	47	67	**
56	88	51	08	07	92	**
57	01	48	35	15	05	**
63	12	69	21	62	96	**
57	86	24	57	98	07	**
89	37	02	80	24	92	**
64	16	05	16	51	12	**
91	06	49	33	48	16	**
41	28	08	69	25	52	**
97	44	44	04	62	88	**
33	51	05	26	83	64	**
92	43	00	46	18	21	**
67	82	56	43	58	89	**
89	52	19	43	10	64	**
26	09	01	85	06	42	**
24	79	75	68	54	90	**
41	53	63	10	03	10	**
39	90	48	71	19	36	**
93	38	46	82	**	41	**
13	17	61	06	17	66	**
43	80	49	03	45	75	**
48	28	15	65	17	85	**
09	45	67	68	74	23	**
11	27	07	27	39	13	**
32	30	85	00	99	85	**
14	08	91	82	08	44	**
20	02	97	80	90	58	**
10	09	36	53	88	47	**
05	67	92	21	52	54	**
80	27	75	47	45	42	**
86	85	02	91	66	87	**
77	51	62	92	48	22	**
49	37	68	65	01	08	**
81	33	64	03	53	72	**
82	86	50	25	26	77	**
02	03	79	15	75	64	**
46	04	55	61	61	55	**
43	44	61	10	74	34	**
36	55	43	72	67	98	**
49	39	61	91	03	06	**
73	74	38	29	**	99	**
67	32	14	03	75	35	**
81	09	**	82	34	41	**
44	38	46	22	51	52	**
41	15	20	96	46	86	**
63	18	89	59	57	44	**
00	11	56	92	73	00	**
45	05	62	86	30	84	**
69	39	91	50	87	67	**
75	18	13	93	62	**	**
**	**	**	**	**	**	**
09	65	54	41	62	23	**
07	74	35	81	78	23	**
43	62	75	46	11	77	**
03	33	21	80	65	35	**
62	89	33	20	86	28	**
59	15	44	73	44	44	**
47	55	14	29	96	89	**
62	90	89	81	17	97	**
19	28	72	38	12	05	**
19	27	50	36	24	08	**
67	57	65	61	28	53	**
41	59	04	87	40	90	**
19	43	64	31	08	51	**
**	95	11	09	80	77	**
53	58	86	27	75	79	**
85	14	78	83	83	11	**
15	04	16	89	10	41	**
35	33	92	67	48	04	**
14	31	**	46	62	00	**
29	50	97	44	92	66	**
96	83	00	03	18	23	**
88	75	97	04	72	29	**
51	82	67	90	67	65	**
82	02	45	32	93	09	**
57	26	18	49	13	72	**
25	11	61	00	09	90	**
66	84	97	44	43	21	**
41	83	89	28	61	78	**
23	21	32	06	94	19	**
60	61	38	07	86	71	**
27	16	99	22	72	48	**
00	78	77	91	34	93	**
33	74	23	98	60	95	**
98	88	44	63	10	09	**
91	40	03	80	10	16	**
99	97	81	90	89	20	**
95	42	13	63	66	56	**
36	10	25	41	40	06	**
63	93	64	13	35	79	**
81	25	03	51	60	17	**
73	45	60	91	28	15	**
26	77	73	27	71	**	**
03	63	46	90	41	32	**
81	48	17	03	19	92	**
15	90	97	21	53	92	**
67	60	84	08	58	04	**
45	**	05	52	61	16